fx: 481.2017
fy: -480.0002
cx: 319.50
cy: 239.50
width: 640
height: 480
